6
10
47 59 7 14 24 54 20 39 14 31 22 37 41 50 28 40 16 53 22 63 
5
65
11
86
89
12

25
78 171 121 161 91 157 118 181 75 199 101 217 12 78 8 54 121 166 100 103 16 65 105 221 66 187 66 167 103 207 75 170 44 119 18 125 63 168 94 156 39 69 36 51 117 208 43 140 71 191 
25
193
120
34
57
77
3
189
217
18
77
144
129
198
140
110
231
90
195
195
166
33
188
134
242
122

50
1 500 500 500 230 362 53 114 129 289 15 43 127 313 127 371 117 119 169 280 118 183 56 141 233 368 248 466 209 411 184 261 121 153 154 203 42 287 174 260 242 417 96 180 164 166 135 361 57 131 194 206 180 183 2 155 241 386 213 348 173 294 35 278 89 226 62 233 39 190 220 230 4 98 16 232 45 148 17 158 134 365 190 316 65 85 82 322 248 348 138 188 188 231 45 162 107 285 39 149 
50
478
7
421
7
6
56
7
223
117
309
209
51
269
20
148
55
492
360
71
7
478
63
145
354
448
480
462
93
485
90
68
69
485
280
162
443
148
393
58
313
428
102
84
62
439
264
307
244
448
368

15
40 40 46 46 93 93 125 183 168 260 1 98 7 198 107 194 182 370 68 193 83 260 81 243 23 59 90 269 29 78 
8
40
303
159
194
215
352
198
93

20
178 279 228 339 131 168 181 284 20 114 70 257 8 25 58 212 27 208 77 304 17 175 67 287 13 68 63 234 61 135 111 267 17 45 67 222 44 190 94 295 
15
385
281
268
393
199
229
182
71
59
78
68
64
112
68
95

15
106 163 37 106 172 347 76 259 91 92 42 226 21 127 173 246 101 282 41 121 59 117 12 97 70 100 112 148 34 229 
8
106
53
169
130
118
239
304
263

